[[[  449.55383301   233.8793335 ]]

 [[ 1128.96289062   526.0057373 ]]

 [[  366.69772339   138.57730103]]

 [[  413.10464478   199.64942932]]

 [[  594.73199463   503.51428223]]

 [[  319.88562012   144.95300293]]

 [[  551.99810791   534.00469971]]

 [[  555.16064453   484.08441162]]

 [[  541.71557617   219.70245361]]

 [[  552.11169434   226.34536743]]

 [[  718.39141846   476.10464478]]

 [[  405.45663452   197.89727783]]

 [[  546.85144043   509.04455566]]

 [[  605.73449707   472.32461548]]

 [[ 1196.01989746   648.01324463]]

 [[  531.19189453   488.1539917 ]]

 [[  585.74298096   536.45336914]]

 [[  479.           487.        ]]

 [[  443.61935425   146.80010986]]

 [[ 1055.9732666    528.98468018]]

 [[  740.27862549   502.07229614]]

 [[ 1059.34924316   651.222229  ]]

 [[  394.12731934   141.7850647 ]]

 [[  656.32263184   588.59875488]]

 [[  598.72161865   586.47033691]]

 [[  666.28912354   589.56555176]]

 [[  397.16015625   193.06980896]]

 [[  478.           495.        ]]

 [[  585.01452637   472.26272583]]

 [[  698.23046875   584.28363037]]

 [[  554.99157715   493.00973511]]

 [[  456.17373657   210.1915741 ]]

 [[  504.38858032   205.69378662]]

 [[  350.01290894   148.24690247]]

 [[  757.95556641   539.70758057]]

 [[  456.08648682   254.21458435]]

 [[  371.64898682   175.87345886]]

 [[  655.35644531   580.67785645]]

 [[  895.00012207   508.99765015]]

 [[  469.           572.        ]]

 [[  779.04772949   538.97845459]]

 [[  978.00012207   523.        ]]

 [[  666.28338623   581.65283203]]

 [[  531.02380371   177.02253723]]

 [[  677.26391602   572.51165771]]

 [[  767.81134033   515.64733887]]

 [[  683.29754639   587.41070557]]

 [[  471.00021362   551.00360107]]

 [[  566.99664307   575.48828125]]

 [[  522.04333496   174.04397583]]

 [[  675.29711914   588.43688965]]

 [[  575.02893066   222.88240051]]

 [[  447.80899048   203.57946777]]

 [[  692.25372314   590.38549805]]

 [[  540.00494385   180.01080322]]

 [[  432.59402466   143.82159424]]

 [[  343.92706299   141.89830017]]

 [[  447.02200317   209.10687256]]

 [[  455.00265503   201.01477051]]]